energy,x,time
18.6067959674, 50.8451727962, 0.00114715591946
8.24922239117, 256.946042649, 0.00466827808646
26.6895063486, 103.393005554, 0.00699474670691
36.687611274, 205.582962936, 0.00812430585793
16.7615131827, 162.524804208, 0.0123850752763
6.5751656094, 123.639267027, 0.012828908076
18.6433021343, 166.257192775, 0.0152653110522
23.0261129866, 290.738898733, 0.0190388493822
28.0587907599, 348.917408162, 0.0209384834924
34.7610841531, 357.297387791, 0.0226046098303
10.7341309193, 281.197565986, 0.0272505888477
33.9014398535, 183.949750122, 0.0293713502696
24.4477443092, 87.5057183367, 0.0315709864511
15.4045984251, 10.3048208209, 0.0342528154975
23.1514029284, 324.360771164, 0.0371615099692
6.56959797851, 68.2240328863, 0.0379671306047
16.2825743619, 70.049118096, 0.0414413245115
12.9554887906, 68.036447258, 0.043923161964
20.7503327392, 94.134083834, 0.0469080633658
18.2254856155, 71.1309528176, 0.0478227751248
26.1339294814, 263.019203957, 0.0511889120599
7.14124103302, 259.12922373, 0.0525257832254
16.2465943689, 105.029756885, 0.0573101391387
16.9611180978, 179.188309981, 0.0594086428679
16.3504969002, 258.148653685, 0.0622204417968
14.5786614031, 321.711346187, 0.0646569754026
11.8593433178, 271.017421904, 0.0670553371654
22.0302887619, 15.3554419142, 0.0676319039194
33.6896877173, 233.357887223, 0.0724827259319
14.1173962273, 134.83345337, 0.0744596527005
11.3399308814, 309.533172701, 0.0769918088149
5.67531915418, 288.021320074, 0.0784423938568
21.4473730691, 78.097253829, 0.0809724921064
37.6058445169, 292.539647551, 0.0835054593143
11.4337841025, 189.463986288, 0.0860743809555
9.4613435689, 94.7791533845, 0.0879257798992
4.74882044364, 207.620099943, 0.0914937376016
10.6955280754, 228.257846246, 0.0930552589439
17.2939532075, 268.777806419, 0.0961806538451
15.2845749925, 339.839419593, 0.098446456223
10.572844127, 309.106853615, 0.100461610908
13.9164337083, 146.442444582, 0.103962508585
27.3116104224, 223.862154862, 0.105880271999
9.22694938919, 183.5259503, 0.109786585239
7.8974207011, 315.52548497, 0.110469311283
12.0920982708, 150.557452228, 0.114617453072
16.7961811991, 27.3217777885, 0.116436574445
20.2012867695, 158.718634134, 0.118343005457
10.7575229355, 203.732020342, 0.120272515596
5.56331617882, 321.514736101, 0.124778910169
15.2969186713, 89.9356868435, 0.126870580972
40.3865599286, 287.166940641, 0.129548904868
23.2773675632, 335.87068459, 0.130600197731
26.3849077697, 233.625535422, 0.133631493929
17.75695609, 30.7253691319, 0.136617277538
35.4026775979, 237.544635864, 0.138834958435
15.3798583039, 286.198135572, 0.14096554728
16.2153432925, 92.3333863842, 0.143789404678
32.0852302199, 227.634312408, 0.145225456016
30.4067324795, 361.107358459, 0.14980045704
20.5927691861, 71.3880631267, 0.15000558745
33.938943279, 204.348490346, 0.154418093959
21.824464, 354.056513263, 0.155874104261
17.8488339285, 152.917855289, 0.158650567891
25.4475041685, 293.117978635, 0.16097612943
10.3181022603, 132.22853895, 0.164948386998
46.6972881945, 105.578523604, 0.166996588803
44.6479327574, 176.304113149, 0.168959105161
14.6704915577, 280.51572087, 0.17042011965
35.0306052218, 265.027534465, 0.17285632442
17.7356195911, 140.397860054, 0.177087457641
14.0624819733, 20.9773300106, 0.178336331054
25.8262426965, 198.538812792, 0.180464687583
25.8469612443, 278.592010819, 0.183928748848
13.5951758597, 270.451312192, 0.185515924265
21.563374457, 333.138418307, 0.187727622924
17.8543931738, 231.738715097, 0.191009453921
9.80045582406, 82.5402335194, 0.192696416093
41.2484080872, 95.4647940805, 0.195312917217
18.8613846915, 172.849797333, 0.199763048061
19.5773707466, 12.5747511415, 0.200172796093
16.9813383898, 102.776642889, 0.203345479921
19.6559880565, 12.0745600583, 0.205106671011
24.1005309195, 151.12360172, 0.20986164023
39.1757527052, 296.032742705, 0.212240874842
22.2894594936, 74.8927681656, 0.213996039171
23.0600765186, 277.055710739, 0.215786562143
8.17495594618, 321.028919008, 0.219835817392
14.314207989, 98.8040661151, 0.220036335592
17.9507725605, 249.877895718, 0.223452682682
17.1177019398, 182.933937505, 0.225133659355
6.5604714648, 196.911740392, 0.229825884082
26.9904666711, 63.9803398566, 0.231426159363
5.97225668284, 128.211382251, 0.234314108455
21.018650736, 251.209780777, 0.237239352966
17.5709416824, 146.712088007, 0.238007090031
39.2568973818, 215.739753938, 0.242085447473
20.131765939, 255.84188361, 0.244275552987
9.11306595634, 271.411025244, 0.245363587039
34.7118325787, 269.395811718, 0.24775629258
21.0353488127, 319.875625529, 0.251748470778
11.8427010409, 174.795583572, 0.253656181786
13.2098366053, 93.5667813921, 0.25548198328
16.1023788499, 221.332431987, 0.258720327309
7.54165958559, 138.287909976, 0.260147647486
19.9821987981, 348.781888746, 0.264572861689
21.5593138543, 173.83159397, 0.26735891206
10.3656745164, 59.1882111663, 0.268683530375
32.7069483381, 42.1061734068, 0.270937702385
16.295155506, 345.931571871, 0.272756431884
37.8525344287, 346.662147795, 0.276866216323
20.4914426162, 91.7321693837, 0.278325271774
29.287688812, 202.510466499, 0.280130518063
9.46545898737, 144.061119106, 0.284249350115
6.77540551984, 137.287068618, 0.28680698058
21.4738087444, 361.023455926, 0.288176375083
19.117099013, 200.10200765, 0.290390102013
22.5406038534, 297.883559469, 0.292818665089
20.3923408049, 98.8185033908, 0.295322151304
41.2159924837, 22.3637669298, 0.298400253951
39.6994877087, 36.1323510001, 0.300050653497
20.1236162863, 258.431045809, 0.30256257463
11.9157387793, 172.765913045, 0.305261392149
12.8117671552, 218.706198506, 0.308004097599
34.1404929592, 360.019428832, 0.3113239725
8.68682197214, 128.626800171, 0.313818588757
8.88508441266, 318.588309381, 0.316757754182
14.7271963494, 27.6366879933, 0.318052157638
22.9860242325, 54.591809686, 0.321101644002
25.2438477302, 338.021140637, 0.323439955543
24.8455422327, 343.816383299, 0.326596310735
14.3678857844, 136.936336079, 0.329422938491
29.2839950516, 165.398967873, 0.33104795613
23.9290646362, 119.526111926, 0.333549121165
18.0708864897, 56.5691834607, 0.336524607516
10.6736874737, 76.9819994101, 0.339516801115
17.8330955409, 351.647189455, 0.340326793785
25.4803409785, 288.353198736, 0.343827318471
8.59459058071, 304.194906032, 0.345943239348
24.5821375224, 163.042678877, 0.347545810519
13.5582450632, 61.9206851416, 0.350226760544
6.06347137338, 32.7167507436, 0.353417239033
19.3273850812, 306.026465451, 0.357189220924
19.6254734813, 308.403657631, 0.35913613178
35.4609764771, 301.88114675, 0.360352484194
17.6875059536, 203.997322696, 0.362790793963
33.4006241795, 342.112708247, 0.367280922072
26.7946298902, 17.8934165863, 0.368931276848
30.9088339361, 126.676283367, 0.370495666214
13.5595612827, 295.357303828, 0.373115923335
14.2438525606, 130.041952441, 0.377214180671
15.1730586082, 205.929216739, 0.378114321321
9.62288631766, 237.08997958, 0.381341292131
11.0941602939, 118.144323136, 0.384747263008
48.6420578608, 327.046755302, 0.385735451548
24.7668460657, 143.51457914, 0.389781577092
18.6481169845, 194.990509989, 0.390350399176
8.74124479733, 87.2833259858, 0.393079578275
18.2724277263, 11.7904742619, 0.396990211444
18.5913229196, 172.22778079, 0.397836429969
22.7910018628, 192.615326267, 0.401626595799
13.9672719298, 77.3359540957, 0.40411075995
18.1319034116, 321.896700461, 0.406167329423
23.068790634, 17.945528002, 0.409084859464
30.5829238294, 12.1322916548, 0.412097426627
49.1949482942, 213.122549518, 0.413546110272
20.3906309426, 131.646353931, 0.415629337967
26.4861292879, 271.139892961, 0.418449799262
11.6320611616, 319.093491404, 0.421582411595
13.9092663864, 58.5525009951, 0.423539149589
8.05737662484, 274.093741456, 0.425018918611
17.2726114476, 137.106395925, 0.428823565067
20.5915713339, 149.144952944, 0.431608410826
13.5327190456, 122.976834265, 0.433825122939
18.201438428, 134.389775839, 0.436572809046
25.6920219186, 43.1876797003, 0.437931707637
8.45630642569, 252.517191367, 0.441483755467
27.684812033, 185.687989355, 0.443482020869
30.470049343, 261.317740535, 0.447374329191
34.5991753696, 310.046418391, 0.449283661596
16.6026421022, 210.194099628, 0.451679398644
4.04307718747, 301.991110827, 0.452666759666
29.8224069044, 130.168101136, 0.456947409001
17.2034421744, 303.902572959, 0.457580184553
16.8224809311, 185.575285254, 0.462011228691
35.5993079376, 97.6918800662, 0.463300285676
16.4509247437, 271.782943862, 0.466050636336
7.61469345174, 350.809169703, 0.468450153069
28.1430152092, 258.59679368, 0.471869051324
17.0473465554, 146.482761927, 0.473728407148
19.3843329353, 324.948757262, 0.476570874351
9.7329205368, 312.444352336, 0.477834469894
20.8954225832, 218.154040331, 0.481330729419
16.7430019403, 199.293001596, 0.484421447986
14.8419130256, 138.696067464, 0.48534787166
20.11997153, 175.474851152, 0.489195261304
10.0258985194, 170.791231296, 0.49074741733
21.0273457434, 263.484302381, 0.493694967675
10.1718670965, 255.919522996, 0.495910489155
28.7706289498, 77.4829977558, 0.498275892595
27.4354368521, 183.414384684, 0.501530146236
13.5258303138, 31.7520172461, 0.502735359795
9.45075993177, 334.988965243, 0.505380977303
45.075628323, 321.273396587, 0.509963838901
34.1368140302, 211.934964479, 0.510964881482
22.8974487814, 210.800471126, 0.513009284915
28.5742007748, 122.667101077, 0.516320079206
25.973598421, 83.0564236378, 0.518860406891
44.2360524897, 248.437546946, 0.521328025748
10.1746584515, 39.2158728749, 0.523750401434
16.6479142958, 333.568859922, 0.527217746556
15.2779509643, 210.031196162, 0.528159807684
8.67498835386, 31.73613944, 0.532344202881
17.9723225887, 220.954672345, 0.534297667185
22.2043559286, 352.289005134, 0.53573410767
18.2147006906, 311.968938753, 0.539881240127
10.8489865179, 217.715514092, 0.541926197457
6.54971592383, 114.86719519, 0.544703301745
18.3785630046, 229.397703761, 0.547235123268
27.5024931563, 317.737862044, 0.549004225486
2.90211910159, 249.769728133, 0.551797248894
23.8847876431, 158.394769989, 0.55403265891
16.4200624831, 266.691156738, 0.556666665403
16.6214083279, 110.935162357, 0.558108606154
24.3993858016, 156.174536612, 0.56046209527
27.9843365699, 34.1697762159, 0.564661693854
10.0096978918, 88.6020725232, 0.567470444536
2.00608270132, 159.844003991, 0.567824129437
14.7858628253, 332.525054973, 0.572004095637
21.5640665067, 259.736702973, 0.574008870649
33.9075456919, 57.4758390163, 0.577242871964
22.6746295798, 248.675614918, 0.577560953907
15.8721567779, 205.355457841, 0.581063775065
19.4554957787, 332.024451218, 0.583156961822
10.3206260878, 331.15145642, 0.58601092994
18.434722513, 272.589952142, 0.588480855085
11.9349087915, 54.0572090186, 0.591394887946
22.0383715086, 237.256254531, 0.594487666421
26.9695581971, 52.7989474987, 0.595352721215
24.5679160547, 220.270068877, 0.597661388113
18.9677206858, 130.159846544, 0.602459344573
16.5280079068, 74.283898527, 0.60420815153
30.2733747968, 270.314151128, 0.606951033623
27.5352537756, 272.476732386, 0.609250178844
23.1139818201, 224.10321411, 0.61053863558
13.0333338243, 120.339261549, 0.614951633487
16.1078007932, 229.169775884, 0.617146821466
4.66889290163, 193.643757147, 0.618342722736
11.6781824122, 207.136210516, 0.622329886259
22.3712884094, 194.178192861, 0.622623387926
9.69109679704, 208.062925911, 0.625827837859
26.4987930773, 87.9185043927, 0.628013449299
26.5636420829, 59.8551892389, 0.630706399542
24.9958376732, 14.6590835799, 0.633400822839
18.6841476375, 329.257684038, 0.637459038063
16.7623205022, 156.042167179, 0.637810297551
14.3227023103, 349.065992377, 0.640468872599
22.3419814862, 171.284567059, 0.644444099424
28.3723536886, 346.79245132, 0.646786128454
11.0818490978, 158.634238876, 0.648956848804
21.7349567917, 331.776467939, 0.65026698402
39.2318248328, 72.563661362, 0.653345101415
6.74629921861, 349.01391844, 0.657409609237
20.0676683016, 327.235636808, 0.659858829334
16.3946047346, 264.54381106, 0.66035477693
44.9445286243, 141.75160013, 0.663136972431
24.1692596789, 130.838966101, 0.665899062413
25.5641998466, 122.12553249, 0.669641090391
25.3800852416, 53.4031029281, 0.671827331936
13.9309220252, 134.927840946, 0.672509155019
10.2817131524, 281.564832202, 0.677460188778
9.7625439044, 12.1553802497, 0.677688079423
7.7450585969, 323.829522502, 0.682293211739
26.0505019816, 72.290156852, 0.683956785824
22.8048232341, 46.7335387706, 0.686820139932
12.7631554188, 22.7165879796, 0.689787921013
10.8148555841, 190.137947403, 0.69047852892
28.5305126112, 294.360308515, 0.694400309093
27.573757261, 224.075201805, 0.695950898352
17.7002160039, 50.4506381708, 0.697845452321
19.7562052036, 98.0532405756, 0.701059741079
16.2360425922, 236.605636222, 0.703306143665
8.59958736863, 148.463339684, 0.705871314288
11.3236189779, 115.493044628, 0.709522725177
15.7137132822, 160.585333552, 0.712320798851
8.12943560597, 36.093999621, 0.712630743484
11.5564491864, 289.46606638, 0.715723044981
29.2165027169, 255.512262686, 0.719396791843
28.8899047612, 346.055068485, 0.721328546579
8.72179463394, 13.387897148, 0.724168629989
30.5946695849, 249.533659497, 0.725825788525
6.71325767866, 98.7225492878, 0.72867072636
27.5740323527, 111.547269429, 0.730093583204
43.3168322957, 350.729131378, 0.733477321877
7.05905815511, 329.180792491, 0.737228443521
8.85222870956, 50.0034915975, 0.739695676563
38.9871615744, 237.91808649, 0.742029690729
9.34304131754, 243.121406519, 0.744453115716
11.8890007059, 177.529134391, 0.746955104063
13.4914999455, 299.893487406, 0.748989560548
27.3860643557, 132.009660846, 0.750542809751
17.173447051, 274.165212706, 0.752622524179
29.4500143909, 284.122309471, 0.755147644108
16.3272197154, 104.36403491, 0.758069316326
15.4498703029, 57.8340861981, 0.760347211655
17.0382494697, 255.046315904, 0.763913624272
17.2762338592, 252.346065855, 0.765005445956
13.8518678925, 114.942279971, 0.769960545319
23.687583902, 317.591043912, 0.771879707152
10.2779286991, 123.00542888, 0.773294900625
18.0828732064, 240.981199878, 0.777253839408
17.8759414986, 223.752356314, 0.779773858451
39.7879950663, 216.477983158, 0.780397848022
11.6992228276, 246.275759965, 0.784054507746
22.5146852014, 108.634481434, 0.787354027855
7.3442551014, 231.105916068, 0.788389701252
19.8165711268, 136.589769711, 0.792205206938
17.5161067477, 346.77133354, 0.794358375338
9.25945368424, 127.839651189, 0.79640700722
45.0732509663, 337.475048273, 0.797568827501
15.7299379786, 81.9952133961, 0.801807045183
26.8924730739, 130.528642959, 0.803223423894
12.129019787, 202.259565667, 0.807355084563
11.7054772332, 258.288865367, 0.808459252036
36.187054417, 361.998716547, 0.810792325076
20.2689525669, 214.754343688, 0.812811863233
20.5705182653, 272.035384673, 0.81637285327
15.692395707, 113.154399601, 0.818782623319
21.3338041726, 187.817537534, 0.820272045791
20.5279007132, 50.9559124105, 0.822836616316
11.320561409, 166.928358388, 0.82577891614
9.45877078777, 108.110636787, 0.829087361848
17.3711976545, 190.302250799, 0.830816049371
21.2707995162, 27.5058672519, 0.833182246338
33.7832178389, 117.36986121, 0.837295287061
45.6627534352, 182.419325255, 0.839779238005
18.0653755622, 138.280690557, 0.841329098054
7.99720059828, 107.685018611, 0.844033134821
11.0600404056, 70.3391880894, 0.846535031821
17.0775185922, 190.743757466, 0.849982189148
15.5261419305, 307.707224752, 0.852305453681
31.1695244452, 51.0297662439, 0.853811822481
14.413025379, 67.7243961694, 0.856937392192
24.5829715298, 107.950041605, 0.858170390596
10.7350914806, 108.283922478, 0.861298014126
15.7119621794, 168.942519481, 0.863737140742
20.7312692093, 55.8088642447, 0.867038992578
16.1813728937, 101.296787075, 0.867679823629
9.61050397463, 94.7622860202, 0.871692848238
24.0651641874, 159.280861309, 0.87305641238
10.2305215156, 29.7468889947, 0.875263525798
30.4035738759, 28.4084324967, 0.877766197516
20.1634101916, 128.296699672, 0.880785934393
31.7643268163, 90.0901138897, 0.883244346826
12.3691103293, 198.722378545, 0.887343537383
19.7657628668, 91.2227985868, 0.888461995222
18.2834756891, 187.189998533, 0.890396335882
20.5499988983, 345.467426595, 0.893830005832
22.7575050778, 24.9727440448, 0.895728449436
19.9632202299, 37.4950463311, 0.898927304671
26.2841866811, 120.40455554, 0.900054797073
26.0797260985, 23.561591513, 0.90472131409
9.46711186508, 85.4994217656, 0.907466281665
3.45251513777, 124.286693271, 0.908281959812
12.8897332524, 102.245597398, 0.910831111806
31.7806129679, 262.112903294, 0.914768963946
12.3011388042, 79.7543721409, 0.915464913971
21.4034367413, 267.751883543, 0.918183170281
7.53829635906, 80.7925045544, 0.921390612146
13.6711069402, 80.5898265201, 0.924723884369
15.5083428003, 191.692884217, 0.92744981551
14.9217404191, 77.8481984742, 0.929304953743
9.85485605767, 297.61838837, 0.931803860981
14.9918347692, 96.590318453, 0.934930350495
22.3579468012, 94.8805526053, 0.936445698309
12.6844620577, 312.367214057, 0.938681370561
10.065390535, 272.375975721, 0.940934677526
18.4037391621, 222.412475723, 0.943709086084
18.1123663579, 63.1640987685, 0.945029624735
19.6126473567, 240.238814842, 0.949921970807
10.4073973072, 333.60951901, 0.952285281065
15.5984587481, 89.6104790694, 0.953393726727
18.8458259757, 151.640452886, 0.955427146533
17.8720337455, 98.3356996009, 0.958370774385
16.8984200032, 190.821494247, 0.962102414775
24.019255177, 224.350159092, 0.963981889283
16.5264001089, 145.390456546, 0.966684168026
25.046078336, 46.395400167, 0.969078213934
12.3940090465, 251.934177388, 0.971486631641
25.4046750092, 145.059915267, 0.974153291227
11.7393201858, 219.936649907, 0.97509974611
31.3509142985, 282.050208021, 0.979667178055
17.2108021653, 29.7639748179, 0.981536283126
26.9640935053, 307.222862983, 0.984330676712
14.5223811143, 274.579749475, 0.986682137484
22.4145032941, 332.057612512, 0.988307603936
19.5896526485, 137.846392296, 0.990386395469
16.3536633507, 145.870458423, 0.993796893678
31.6547307521, 294.684488924, 0.995203523633
28.1740876734, 92.9570323289, 0.999097892792
1.86306817826, 200.047965527, 1.00024480123
18.2466927335, 295.706640959, 1.00324160623
8.65099223903, 12.6899780405, 1.00576659032
26.76892208, 74.5820471451, 1.00875821342
29.9279228067, 111.314576714, 1.01244987216
32.5705332255, 264.536126614, 1.01383281819
9.75059759211, 307.154119839, 1.01749365699
11.5469501709, 55.2683919796, 1.0186262876
26.1109886434, 77.7359732075, 1.02061651011
16.3381410041, 23.8168338255, 1.02463164963
20.4060561923, 198.266786619, 1.02666553077
25.6054508329, 20.1536005808, 1.02805325793
43.922974319, 179.966654772, 1.03144891743
24.5079639075, 19.8373016247, 1.03412026168
28.2119932911, 148.847894073, 1.03681203309
12.202971765, 68.3739026226, 1.03965079743
22.0589214275, 179.898692015, 1.04011822577
32.6441323409, 294.241796924, 1.04436039313
12.5094291597, 278.346527654, 1.04570757378
31.6039147944, 236.020717178, 1.04768986901
15.1041521716, 208.024822661, 1.0511185396
19.8283640307, 345.080132675, 1.05427590973
45.8038192098, 61.1120731032, 1.05637776872
35.6912494594, 304.52531022, 1.0587509406
10.3251039456, 191.630113682, 1.06203396452
28.9003543161, 193.349694073, 1.06337516965
11.3489656091, 196.400282893, 1.06606322061
12.5146007838, 79.6541335962, 1.06903262742
11.7832181362, 136.551982314, 1.07038569068
12.2070316384, 168.336972753, 1.0726335807
13.1739734374, 208.902905793, 1.07662657585
28.7513274117, 340.974933736, 1.07770591458
26.7871952605, 153.234784472, 1.08136285144
13.6977062581, 209.946542747, 1.08492087398
27.9384802672, 190.178970507, 1.08706277689
29.2425214139, 130.615500523, 1.08753680666
34.7648798074, 276.156272876, 1.09007658061
19.8487417259, 207.575933759, 1.09344052606
17.0464307711, 141.844996586, 1.09692836398
16.151140648, 237.366600869, 1.09800396992
18.688325836, 109.087181615, 1.10018886632
7.72004561, 243.822894611, 1.10481834666
9.36324467633, 30.0648459538, 1.10653758487
27.1976842116, 32.911257115, 1.10855232797
15.7088785945, 31.0553007312, 1.11072259693
21.2759038342, 316.871109518, 1.11436721471
5.06586589539, 102.920561386, 1.11580714072
13.238644518, 304.730814166, 1.11942904095
14.2129221269, 170.891528606, 1.12215673607
14.4731521612, 80.878959392, 1.12403816571
12.3582212873, 14.4064220088, 1.12638151429
26.7471301029, 89.959038937, 1.12828772721
16.2574325758, 156.814342847, 1.13115444186
17.6410924568, 263.893249215, 1.13439112038
7.99200712041, 46.934196183, 1.13526610475
15.0228261165, 207.939949473, 1.13940171696
19.4881439848, 121.059674941, 1.1411452185
19.8080278262, 360.869460537, 1.14391188379
24.533216311, 358.870245307, 1.14596199366
25.5200725654, 43.9399829197, 1.14976866569
9.60962852971, 187.417566585, 1.15108861484
14.2446109125, 69.7236756717, 1.15388828614
14.5577783893, 356.152550925, 1.15683918978
22.8611130561, 298.916420759, 1.1599499204
27.8373361743, 182.204265251, 1.16226075427
25.240655458, 74.3869358611, 1.16435961187
31.7264704294, 141.533507919, 1.16672201377
36.9134352004, 167.180616821, 1.16883533366
8.12039495909, 52.2028546671, 1.17203498396
16.4950431384, 348.229194204, 1.17255407645
27.3481571566, 347.678846412, 1.17536700641
36.107301841, 169.861507693, 1.17779181576
12.5195985601, 234.040941506, 1.18053747726
19.0389547173, 265.958922482, 1.18394407028
43.3524421559, 287.875775545, 1.18518415445
24.7402479293, 254.133781765, 1.18958401676
24.8840847487, 274.434940211, 1.19005682368
8.8232023055, 324.318761789, 1.19346967019
2.04238247991, 330.643703436, 1.1961967526
29.1360625271, 28.0816006637, 1.19754923653
21.9140511454, 27.0856986316, 1.20160496098
18.2532978165, 166.040928041, 1.20276434828
28.6862354405, 198.154545901, 1.20607007032
14.1708102325, 226.660413826, 1.20961649609
19.3308093693, 232.186505705, 1.21111117564
17.8836915428, 282.1666588, 1.21294931485
12.1866150705, 329.856499141, 1.21631248106
33.9853643499, 80.9616543194, 1.21782050931
31.7264823464, 312.550015451, 1.22017424992
15.4232250484, 93.381657002, 1.223531816
27.9419548617, 353.346713704, 1.22539296066
23.2865161315, 98.07600403, 1.22900394117
19.3622170134, 18.9391962956, 1.23176343328
8.67728303559, 72.1232959745, 1.2329148508
25.870304814, 289.669101444, 1.2350576902
20.9654437222, 79.0308972003, 1.23785060738
46.2946492289, 329.938467187, 1.24029142297
18.1843540576, 158.260265116, 1.24396358059
29.7618679631, 236.547078952, 1.24576445549
12.9140753746, 250.033489194, 1.24830997531
19.6168137212, 206.723817077, 1.25012844812
28.5520774466, 281.679326302, 1.25378187397
5.27340620128, 134.127220494, 1.25630874631
37.3589138394, 220.745524376, 1.25792743426
12.361938621, 124.901341963, 1.2614596544
25.4523221104, 313.509314186, 1.26295992585
14.0898837488, 273.29863475, 1.26593875362
22.6696337168, 198.633024483, 1.26948853632
17.3367597641, 98.3894503627, 1.27202552884
9.97495062327, 146.278924696, 1.2730034806
41.4970587657, 311.111733738, 1.27546692833
12.9890862155, 32.3032000812, 1.27999655339
12.9285670756, 233.2801714, 1.28222981421
22.5640490618, 281.378692117, 1.28262802126
9.62278188386, 217.75834429, 1.28599363505
22.2239709685, 168.625234419, 1.28934577294
24.2065865339, 227.950609145, 1.29123393024
15.4247937641, 345.326149001, 1.29342985143
24.3804725447, 58.3584660611, 1.29681429936
19.3628934613, 56.4862514995, 1.29866696387
17.3722528177, 211.045218779, 1.30122009354
14.2626694405, 294.140865031, 1.30375226725
16.6081378969, 175.369381264, 1.30538976738
21.7186949184, 263.349999529, 1.30801176241
16.3753178159, 59.9522533072, 1.31197735663
11.9935534319, 105.628078441, 1.31282838101
14.0271423241, 118.855636949, 1.31707077022
14.53661197, 95.6178030339, 1.31756633363
16.7790525228, 274.156206412, 1.32194862963
19.1982751847, 326.202101894, 1.32366903726
17.9995966941, 289.704779701, 1.32701277705
11.4836356916, 194.984268376, 1.32769349783
18.5052244158, 126.780541704, 1.33223081719
29.2626874566, 99.3356072067, 1.33358455666
46.4434017835, 83.5185658804, 1.33578094395
45.1620752371, 225.036121805, 1.33773696129
23.5938330172, 61.4597610254, 1.34169731858
10.9864582561, 70.2158416354, 1.3431702294
18.5016005421, 314.585479167, 1.34676462348
20.4782649369, 81.4041955022, 1.34858327232
3.14592081611, 79.5168085645, 1.35151735009
16.1190654486, 147.954305041, 1.35338354555
6.68169909903, 184.853772417, 1.35685812668
38.8468638325, 94.840394214, 1.35897443999
13.2211766783, 207.18988665, 1.36220297655
15.019211242, 311.804859159, 1.3647838674
30.3802819789, 168.779433801, 1.36511102815
22.6987850605, 122.309606173, 1.36972665187
38.7821309064, 336.844013271, 1.37150281458
12.8574927892, 344.458517626, 1.37368998272
14.3411972756, 198.245953954, 1.37596389594
11.0856341803, 81.4277435348, 1.37765890161
14.8926566347, 187.290833853, 1.38048838309
18.6338251456, 146.901743817, 1.38260533521
24.1327034608, 216.289620595, 1.38647748849
25.7039242113, 94.9716164498, 1.38922675087
15.4543864448, 330.964903171, 1.39218133407
29.5010084987, 241.240160184, 1.39276536975
18.1511211921, 303.216649532, 1.39679664034
19.3458383852, 178.492457357, 1.39803253394
13.4859006288, 223.150532264, 1.4008915489
11.8983566681, 190.753525326, 1.40472454887
31.7131646232, 172.39507127, 1.40649726307
27.9552931699, 294.695996072, 1.4097473984
21.0021276633, 187.520961114, 1.41197648337
9.36996459147, 54.0241587618, 1.41417623446
21.7976421009, 51.0254877198, 1.41606295739
15.2259993365, 41.646374872, 1.41892519819
7.76429593095, 187.257257832, 1.42229664542
33.7200188017, 228.226286409, 1.42330544939
31.3747911322, 162.517971325, 1.42514580147
37.2984032139, 264.796363237, 1.42830251902
15.4022028475, 131.793410659, 1.4322246179
11.0563232087, 140.085744775, 1.43353164487
8.03981764941, 23.056999526, 1.43677110434
16.9715251655, 57.2330476304, 1.43900354888
16.9255116014, 26.3606717121, 1.44236564907
11.1463260322, 132.221313121, 1.44375817335
13.7160520325, 310.369471575, 1.44620582849
17.4506709498, 51.0034708723, 1.44830269933
4.41667813687, 218.747298786, 1.45008847005
11.3254416854, 362.894856074, 1.45371993288
26.427129654, 14.0125962654, 1.45598480446
6.27677355301, 293.024987782, 1.45894842185
29.4755613593, 22.5288341099, 1.46086744273
10.210995412, 17.0479356979, 1.46406554952
12.8533986097, 74.7084568734, 1.4657115766
25.8342547347, 173.810740428, 1.4689701278
8.23106823753, 226.717674314, 1.4710362723
16.1270911006, 325.195975688, 1.47277791015
21.3057015754, 308.590903654, 1.47660312016
38.829270285, 243.072270188, 1.47856003671
20.7385681476, 322.464001999, 1.48002825182
28.6824822325, 175.045205211, 1.48306340954
34.1841936977, 56.2931337149, 1.48642140136
29.3538082487, 196.544254567, 1.48815265504
24.2466703465, 231.396957702, 1.49242984043
11.4146374548, 84.631726529, 1.49384151876
9.78019391307, 56.4635011132, 1.49577090631
23.914017675, 138.571498692, 1.49931925001
20.3429365025, 296.129034442, 1.50214849702
11.498983992, 123.071333701, 1.50312751745
48.7330565375, 38.01860348, 1.5073261651
40.3403725824, 199.481040169, 1.50859239795
19.4484262257, 275.925278355, 1.51244612296
32.1913596247, 34.5559951828, 1.51387775645
19.1842672663, 297.188061491, 1.51636301031
25.4536714035, 123.442707652, 1.51884054956
12.160847368, 253.881845925, 1.52038706638
25.6502412402, 202.140219527, 1.52398481973
14.110085721, 220.326369231, 1.52606042913
24.747369026, 161.859455537, 1.52754570758
20.1725420345, 335.255281484, 1.5308003742
12.077356452, 83.734490433, 1.53396133035
20.5915843738, 362.613047659, 1.53713107157
11.5341498937, 273.234348974, 1.53937646789
14.3434781939, 151.452824273, 1.54134162681
12.6326481108, 329.49692337, 1.54399586301
19.4049246056, 229.576146167, 1.54523691957
15.6763947966, 234.048804466, 1.54895902502
34.2372244272, 282.942996365, 1.5503451995
10.8079361763, 154.547285861, 1.55440921003
15.7765985408, 266.520323327, 1.55500814987
13.6552726916, 152.735908991, 1.55832098731
29.8426122241, 211.87209096, 1.56100467628
25.8277209567, 30.4990820806, 1.56329995465
34.3474214274, 33.6312817521, 1.56729887844
12.5434786357, 362.960622324, 1.56802420957
16.2343484022, 132.239860022, 1.57042743607
12.1046951928, 229.378429814, 1.57455381272
25.5977813249, 199.933961028, 1.57712691702
29.7974233768, 12.3519739807, 1.57862805616
33.7434815865, 102.074344904, 1.58059174793
13.1505364538, 164.210757949, 1.5846669755
49.2133554353, 181.68735721, 1.58504254418
45.6505739972, 101.21854442, 1.58856050783
11.0064226512, 130.761148282, 1.59233987677
12.8719876811, 157.559628422, 1.59355065438
23.814668044, 257.418638045, 1.59646842889
10.8161322527, 178.072516401, 1.59966462426
25.7657273041, 215.846292369, 1.60131505031
19.8810820659, 109.110835589, 1.60259002078
18.0388002635, 209.252214733, 1.60556093296
22.2085297458, 353.440323771, 1.60857829068
35.0459970856, 130.57615408, 1.61125459987
38.1131122937, 52.744411008, 1.61464485485
12.0977207227, 54.52032808, 1.61628799815
29.6965356617, 306.825250536, 1.61827243851
11.3052900289, 168.82294806, 1.62114605933
11.9930120141, 27.0707738916, 1.624467656
22.5403411039, 128.837369767, 1.62590126992
20.8548491696, 148.05099408, 1.62763263163
18.2188728389, 160.791113079, 1.63209082739
8.81286715029, 22.5460007251, 1.63293661371
34.3742996421, 319.522330494, 1.63690271688
10.227911041, 314.999157469, 1.63967044246
16.4069600753, 118.94566299, 1.64221238842
22.9192181611, 151.274605174, 1.64307023654
23.2823065726, 206.404558159, 1.64741304469
37.948997057, 106.724091954, 1.64982874024
48.3002786591, 233.858903403, 1.65111036105
43.2641569296, 260.111184663, 1.65296317754
17.1210559306, 60.6890117512, 1.65653153818
22.1164726711, 270.727359144, 1.65828806613
12.5992248078, 354.918205646, 1.66106929078
11.7122349008, 45.4716199948, 1.66296148995
16.8366031895, 243.346323722, 1.66560995588
32.5565457501, 28.5540680089, 1.66780938759
8.97074289391, 67.296353329, 1.67158536886
20.1840552162, 56.1412986701, 1.674039766
22.7451402866, 260.987692391, 1.67636530368
19.6767354064, 158.164249536, 1.6794983962
17.8058519023, 26.5902231548, 1.68094237192
14.1167395535, 151.320398623, 1.68460558732
17.6836991955, 326.568818182, 1.68524903859
23.616764484, 86.2796297036, 1.68869116931
5.99902024572, 205.608088591, 1.69167345984
16.5744401153, 38.6118107303, 1.69423491377
16.0990067428, 202.393838356, 1.69654775059
21.6322042173, 14.6631915614, 1.69904906163
22.8251724278, 51.7681819513, 1.70065189097
19.580608406, 168.887036746, 1.70452449543
25.7430421213, 179.881774844, 1.70667152219
23.312793026, 249.276696224, 1.70916010719
15.0765403264, 192.313565515, 1.7101912613
14.0885669224, 189.830854462, 1.71262733384
10.5096397685, 167.866416554, 1.71556078628
19.4484956317, 351.487146995, 1.71774696008
19.3284944583, 265.564472511, 1.72021832266
21.5417082115, 19.7837056252, 1.72416819667
17.7685459665, 220.568666495, 1.72638312465
4.35632531894, 269.199877884, 1.72925133387
16.8365159563, 151.417695122, 1.73196948672
16.9274801027, 78.7894387592, 1.73488624194
25.5746048901, 229.632637611, 1.73723382555
17.6355178933, 154.316679849, 1.73791572783
7.46720402712, 67.7797358953, 1.74081640282
46.0904482093, 143.769596993, 1.74415082096
37.6953107566, 54.0199006207, 1.74657483623
30.133371205, 302.824705757, 1.7496366999
22.8407826298, 352.038168574, 1.75171132939
17.2292028868, 46.453617584, 1.75337421685
17.0248754269, 131.990698807, 1.75746815203
24.6646407264, 228.652215096, 1.75985193232
31.2113251611, 155.70781569, 1.76068038403
10.2174324794, 220.322367849, 1.76296324981
13.9793534312, 123.752234134, 1.76557244484
15.2313872887, 253.715255121, 1.76937191895
11.9492525798, 348.471002443, 1.77013404599
32.2583739074, 137.910265564, 1.77466013862
14.8543552641, 302.338666918, 1.77679862234
20.1173186127, 184.853200544, 1.77929337419
25.5226451434, 248.657387897, 1.78158195474
27.9667126934, 294.409498433, 1.78482157352
24.2550547489, 245.20737066, 1.78664801966
31.941617435, 227.263620792, 1.78826792695
38.1381871765, 109.667248864, 1.7912864243
20.7117864232, 11.8220807828, 1.79280124557
14.6482993199, 355.101425629, 1.79511388955
18.3821212393, 336.513929293, 1.79858058028
25.3266387267, 226.492424573, 1.80042781662
17.0608997464, 150.774145908, 1.80392821707
14.2052177614, 207.184792973, 1.807396804
11.3800911691, 176.620335012, 1.80947957096
2.46710640189, 304.7121582, 1.81095831904
8.42079686115, 28.5563241029, 1.81424166101
20.0004421579, 288.98262061, 1.81717274615
24.3581035607, 295.661029231, 1.81827042597
31.3856778237, 116.050774985, 1.82177335399
9.55899719499, 140.730823778, 1.82476481354
41.4812938595, 75.1463343934, 1.8265013853
26.3296093379, 51.830294644, 1.82928143546
15.3241553414, 125.468878973, 1.83186628437
19.0120436131, 346.880432987, 1.83275562502
15.1408615736, 308.475593415, 1.83514231653
13.2319735551, 35.2029545922, 1.838398004
20.2237118791, 88.9425174384, 1.84167328005
18.3045556364, 74.7849076395, 1.843202971
33.5235526088, 14.6607588427, 1.84609316507
13.0915784498, 136.444101487, 1.84942767421
21.1926072651, 12.3484260365, 1.8523330175
28.9171220402, 73.0979639292, 1.85273271441
10.5480798423, 343.270208499, 1.85548642378
37.4105090014, 337.895285768, 1.85873654353
14.9983153297, 263.453033165, 1.86102998346
34.8352066982, 158.69918085, 1.86344531676
28.8145352108, 135.289679797, 1.86508888757
26.096929663, 180.372672464, 1.86829652259
10.3215979727, 212.551683516, 1.87014047714
13.8029141111, 252.782155924, 1.87462129946
17.6917962588, 29.7479921384, 1.87648430155
18.6736452422, 172.393225218, 1.8784291851
15.7668217739, 278.995421058, 1.88020447156
18.4737948611, 117.451871912, 1.8839775236
15.4113268081, 312.758871238, 1.88550911084
21.3478787599, 21.2484559647, 1.88798612183
26.3979771877, 342.703116955, 1.89035862893
5.88073768534, 265.018683179, 1.89363806958
22.3955892593, 138.241955766, 1.8959581823
24.1421107228, 298.650551792, 1.89799890001
24.427099969, 121.242371708, 1.90092687965
13.9329307247, 340.093263292, 1.90371311629
19.5923974598, 338.223571611, 1.90577154513
18.8358360052, 141.697000929, 1.90844085155
19.8041961476, 90.796136443, 1.91096631058
8.67329670693, 201.092351307, 1.91252566546
23.620638681, 32.4293703102, 1.91546050476
19.6624059679, 199.076999375, 1.9180503109
49.0870161422, 65.8375784743, 1.92186725188
20.6193269592, 158.893978582, 1.92289805098
24.8306497764, 121.098780242, 1.92623377403
17.1504704249, 283.977940166, 1.9289884221
15.9879962351, 308.556827676, 1.93066806192
16.4309154603, 71.9355541044, 1.93397508583
30.6313487313, 108.841103318, 1.93650339689
47.9880141799, 313.360143551, 1.93914232209
20.3339294781, 247.897159747, 1.94014419285
19.9775861991, 344.945894753, 1.94467816842
16.428966385, 134.280967342, 1.9453115773
46.7725265477, 119.954394348, 1.94987235641
25.2953769679, 41.2478705896, 1.95159422854
6.23874317939, 56.8514769569, 1.9540353615
14.8724642098, 129.36830759, 1.95601890212
17.0003674527, 277.252396768, 1.9585852268
19.6234751266, 76.1934262535, 1.96147367706
8.95967210025, 36.3980081659, 1.96401901069
27.9813739056, 67.232176865, 1.96636068645
8.63123867169, 222.050398853, 1.96769956672
14.7643304693, 216.643540022, 1.97249352557
19.2746975861, 316.712929219, 1.97325756933
6.14974984461, 58.7514692547, 1.97615026522
15.3826271144, 70.469976777, 1.97803090285
29.9811341903, 104.856636641, 1.9812362691
12.9869140041, 14.3379806641, 1.98314360325
7.06561204745, 301.91679057, 1.98671446679
10.0848816583, 276.017452411, 1.98923796217
31.8226009177, 203.983018156, 1.99141626765
14.8679387044, 313.781557174, 1.99323233212
27.1722563212, 275.038814471, 1.99541010814
17.3836225874, 358.823813906, 1.99777532253
10.95989538, 79.6067374581, 2.00145241578
21.8177807271, 172.287295563, 2.00268679256
29.9248320464, 314.956549593, 2.00641501673
10.9013214063, 133.362596454, 2.00907354821
13.8889907743, 102.511980624, 2.0118936995
32.3835649924, 256.96114615, 2.01449711866
23.458135962, 169.1456392, 2.01682249071
16.2154312382, 136.96731788, 2.01788310168
7.07319933884, 260.836756579, 2.02198322112
36.9195585924, 70.5640438155, 2.02290410742
7.23579052665, 242.586688732, 2.02678512333
18.4682558191, 240.345534664, 2.02898123302
18.278568975, 206.73576928, 2.03208172674
42.6890976395, 158.832561704, 2.03286821667
21.8688602652, 275.259476821, 2.0363802578
24.007908939, 161.176203917, 2.03829722371
28.2650366402, 126.672242945, 2.04135207011
27.5372743451, 353.398458556, 2.04451605652
16.7904136359, 241.290992818, 2.04716499578
17.207385107, 110.123530769, 2.0486476959
20.3560126853, 254.797250769, 2.05003973974
25.9905049933, 23.6416154553, 2.0539537185
7.8865202433, 293.484703964, 2.05532376389
23.8663432062, 128.976911935, 2.05958149642
30.1911098312, 338.080927786, 2.06104847109
22.436455066, 29.9743469136, 2.06414607792
31.1929076979, 234.211770726, 2.06577802415
13.2147061453, 67.0626003735, 2.069014453
10.4935760947, 43.9870964913, 2.07092195657
26.3850387351, 201.793809318, 2.07430630106
45.3611723968, 93.7215309488, 2.07555154374
14.3970453778, 290.323541716, 2.07836046183
33.2566505176, 23.3404333976, 2.08066748257
30.9644027886, 343.08429386, 2.08433342826
9.89451801072, 264.625960168, 2.08721826861
11.5392597535, 113.336710243, 2.08764588621
28.5802087264, 275.706733857, 2.09008576884
19.3244320179, 38.5792098842, 2.09430773598
10.4589260954, 299.253429918, 2.09689455475
18.7505857711, 54.6467866288, 2.0981674318
24.1215376489, 59.069705575, 2.10050359282
10.412167104, 82.0075066017, 2.10387665755
9.13275904381, 344.309335238, 2.10541640721
38.7292623074, 305.814097472, 2.10830220248
27.2068903548, 305.787582409, 2.11167393057
11.5921179075, 359.958716808, 2.11291304258
16.2220088733, 151.404318416, 2.11652550712
14.7616881501, 262.845414117, 2.11818020921
28.8385204244, 184.507716773, 2.12184680272
13.1966794041, 200.815373974, 2.12342017911
16.4535446584, 153.564681058, 2.12666959082
20.6696485235, 289.720386694, 2.12997880258
6.18129068746, 227.251591907, 2.13185298974
16.9501706254, 28.1845822735, 2.133060579
30.3150266165, 301.859978342, 2.13521787032
2.63535442226, 260.261263981, 2.13861626623
25.5649520977, 198.539111878, 2.14249697826
22.32516429, 123.80511895, 2.14478577724
17.3063481396, 30.8924640843, 2.14645913832
28.3676840461, 287.296739113, 2.14957809183
5.83901927826, 170.666256428, 2.15015582688
6.57523270516, 74.4146406956, 2.15262127603
17.0178970351, 135.327565985, 2.15621072087
27.9696442786, 359.601794187, 2.15765833041
13.6587850662, 44.1555497849, 2.16127375376
18.7744857509, 340.591432685, 2.16367266937
23.4842975091, 292.772868578, 2.16514787292
44.6860041284, 97.0721459172, 2.1675231063
22.3966955566, 315.121609047, 2.17128645087
16.1944834486, 342.590272475, 2.17452625944
20.0654452955, 356.215358857, 2.17629283311
20.1361929628, 28.4781141588, 2.17816409739
14.8851179064, 192.174498236, 2.182368659
13.4519586205, 131.988839605, 2.1835587229
8.28990827005, 319.552650507, 2.18568083698
22.5558989193, 47.7831781677, 2.18772740251
5.34874092196, 132.96405083, 2.19076684517
29.3454527092, 175.487993783, 2.19442720865
42.6938421074, 261.467174997, 2.19553087117
20.7423929841, 181.863738147, 2.19982758647
5.94964967202, 242.4594747, 2.20210938514
7.30663441197, 229.792794971, 2.20386338657
16.594280389, 212.753922249, 2.20695620248
17.3134109232, 339.159495486, 2.20915976805
26.6509601296, 354.284645791, 2.2113739079
5.50234189836, 306.660459922, 2.21469525464
31.0397608882, 303.605661371, 2.21684751239
17.3911853623, 162.007156957, 2.21773452928
34.2552585314, 252.863399061, 2.22219754123
19.2359023254, 77.2359964738, 2.22267051325
31.102840446, 277.774537304, 2.227049925
11.4798140523, 133.406962522, 2.22967721074
16.6897710037, 183.199481825, 2.23050195537
14.869176365, 285.140969944, 2.23294250812
22.4110217595, 75.2240392026, 2.23550268042
25.8123119023, 46.5089010103, 2.23838446037
37.0073702874, 179.840050255, 2.24116197981
13.6013919021, 219.356335761, 2.24304146246
10.2666797155, 253.078160801, 2.24723216188
5.18008557624, 344.345377922, 2.24809730982
47.1764882269, 230.735735505, 2.25073125301
5.09171333285, 354.794891903, 2.25407015704
11.3943573354, 82.3610039866, 2.25526595451
13.1434986611, 243.380720074, 2.25988163064
19.8442881894, 283.236677095, 2.26050567135
10.0023671895, 347.002563205, 2.26482353122
11.9871954647, 10.3729012727, 2.26562479126
36.9828016214, 47.4453221306, 2.26983514153
9.10450273647, 295.072943109, 2.27120069797
14.1834108833, 300.659769532, 2.27352550526
16.6424969033, 331.502718423, 2.27527351441
12.9707806265, 45.2728315652, 2.27958069913
16.6192171404, 138.916294951, 2.28235956851
9.45814971588, 225.078882307, 2.28420028566
23.175785733, 179.135783756, 2.28685104897
11.0356876508, 147.338760241, 2.28831240355
19.5819328536, 285.186416307, 2.29034893968
21.5915869036, 39.0043737185, 2.2925451667
18.7968622142, 48.1188605465, 2.29571865298
24.1315461045, 19.91589868, 2.29893773947
35.6528335472, 101.456861754, 2.30024819765
25.7348327999, 309.175034831, 2.3048188446
21.2453594766, 195.72834692, 2.3062391279
7.81526759969, 18.9862305545, 2.30815687902
26.0849605241, 283.571317644, 2.31048299347
19.8156949098, 18.8360869638, 2.31362681457
42.1737879736, 260.36227568, 2.31716727257
15.6730166027, 295.29583591, 2.31803147602
12.5756674424, 36.4999636433, 2.32041189054
29.8933894364, 220.326315479, 2.32271638534
16.9606226312, 41.4960598345, 2.32547276422
24.8021412429, 115.489621283, 2.32753433222
24.4741584348, 349.0934167, 2.33070033733
17.8377191216, 86.0881883325, 2.33472373014
27.513643854, 117.722350955, 2.33562589971
10.1508364885, 267.86784735, 2.33879588567
18.4364301378, 172.143567088, 2.34157725341
33.6483200917, 120.060179514, 2.34479144549
37.0071315517, 350.486549164, 2.34568518792
28.9389129176, 250.046218331, 2.34840079781
24.9202054652, 335.5153354, 2.35179117943
20.2013670124, 89.0103122005, 2.35304496503
18.3640746063, 279.122800455, 2.35703136974
15.6503622255, 71.2183386947, 2.35994293321
12.2662544755, 261.478379031, 2.36076880123
4.45732807519, 135.633369131, 2.36304609491
15.1988719892, 246.777803264, 2.36511620789
15.2424122184, 230.641422145, 2.36879118771
18.9189453218, 56.2518743991, 2.37137397484
23.6111063712, 250.337804633, 2.37460797899
17.4402479383, 332.037326323, 2.37679399171
19.6388216776, 120.001296529, 2.3797217851
35.9341047727, 100.083757652, 2.3805069154
19.5655265672, 165.579551063, 2.38250083851
12.7167037487, 324.469347065, 2.3869595737
25.5140693492, 157.525490555, 2.38759655185
5.06186769693, 333.039066009, 2.39199545813
9.46057575759, 48.928581153, 2.39424834319
4.77679974817, 69.8068867475, 2.3971194747
32.3875380977, 211.335411481, 2.39967966599
6.56394661817, 82.5455022592, 2.40001080714
18.2806955637, 161.066181157, 2.40488277469
31.6657986923, 289.025594886, 2.40743463075
20.097015098, 13.809353098, 2.4087368243
19.1017763298, 120.197111353, 2.41064586518
22.2237287831, 172.15136742, 2.41291149197
9.34219003986, 132.378045328, 2.41730421901
21.2918133532, 37.6127536185, 2.41954244739
35.1835371969, 166.855561344, 2.42071471026
25.0496131683, 205.527869943, 2.42274239296
9.97964611326, 117.155113936, 2.42743362045
12.1733908516, 329.621354558, 2.42836704991
17.7002856106, 260.369313707, 2.4300693169
13.3074113978, 61.2934531169, 2.43367760413
7.59672043555, 107.013454051, 2.43710722179
14.291291881, 117.368975375, 2.43995792596
21.8310767215, 204.034198039, 2.44235269808
16.5802514774, 354.537969643, 2.44350201205
7.53723836069, 359.436317787, 2.4470252958
29.3898770829, 186.285054732, 2.44903506072
36.4636906468, 90.2056697099, 2.45026748305
7.22073661917, 254.971139318, 2.45496642939
4.67176928502, 121.946393036, 2.45603807099
36.9107101866, 24.1238998915, 2.45809431917
21.3354477326, 321.884534484, 2.4608203628
24.0187984898, 359.769681855, 2.46460530449
17.0750769275, 297.097394127, 2.46532984032
23.7665801597, 92.4535887719, 2.46897581763
11.4309301601, 248.592841582, 2.47013515784
4.74639075551, 215.916512534, 2.47464840337
8.32563647804, 175.357456266, 2.47711610698
20.7794976426, 13.1694401812, 2.47794396974
11.9298791943, 127.926921919, 2.48170863584
27.7065938283, 152.530668297, 2.48290693765
32.6499046856, 23.0158619324, 2.48514545091
14.8532518904, 281.963565874, 2.48932299104
10.625654602, 28.7917848681, 2.49037532058
36.2401745681, 107.291061611, 2.49397081313
4.17609006332, 67.1214188403, 2.49572714054
23.9948103595, 348.854402484, 2.49789259084
