0  0  592.389  1277.27
1  0  530.032  1277.27
2  0  467.675  1277.27
3  0  405.319  1277.27
4  0  342.962  1277.27
5  0  280.605  1277.27
6  0  218.248  1277.27
7  0  155.892  1277.27
8  0  93.5351  1277.27
9  0  31.1784  1277.27
10  0  -31.1784  1277.27
11  0  -93.5351  1277.27
12  0  -155.892  1277.27
13  0  -218.248  1277.27
14  0  -280.605  1277.27
15  0  -342.962  1277.27
16  0  -405.319  1277.27
17  0  -467.675  1277.27
18  0  -530.032  1277.27
19  0  -592.389  1277.27
20  0  592.389  1044.88
21  0  530.032  1044.88
22  0  467.675  1044.88
23  0  405.319  1044.88
24  0  342.962  1044.88
25  0  280.605  1044.88
26  0  218.248  1044.88
27  0  155.892  1044.88
28  0  93.5351  1044.88
29  0  31.1784  1044.88
30  0  -31.1784  1044.88
31  0  -93.5351  1044.88
32  0  -155.892  1044.88
33  0  -218.248  1044.88
34  0  -280.605  1044.88
35  0  -342.962  1044.88
36  0  -405.319  1044.88
37  0  -467.675  1044.88
38  0  -530.032  1044.88
39  0  -592.389  1044.88
40  0  592.389  812.489
41  0  530.032  812.489
42  0  467.675  812.489
43  0  405.319  812.489
44  0  342.962  812.489
45  0  280.605  812.489
46  0  218.248  812.489
47  0  155.892  812.489
48  0  93.5351  812.489
49  0  31.1784  812.489
50  0  -31.1784  812.489
51  0  -93.5351  812.489
52  0  -155.892  812.489
53  0  -218.248  812.489
54  0  -280.605  812.489
55  0  -342.962  812.489
56  0  -405.319  812.489
57  0  -467.675  812.489
58  0  -530.032  812.489
59  0  -592.389  812.489
60  0  592.389  580.099
61  0  530.032  580.099
62  0  467.675  580.099
63  0  405.319  580.099
64  0  342.962  580.099
65  0  280.605  580.099
66  0  218.248  580.099
67  0  155.892  580.099
68  0  93.5351  580.099
69  0  31.1784  580.099
70  0  -31.1784  580.099
71  0  -93.5351  580.099
72  0  -155.892  580.099
73  0  -218.248  580.099
74  0  -280.605  580.099
75  0  -342.962  580.099
76  0  -405.319  580.099
77  0  -467.675  580.099
78  0  -530.032  580.099
79  0  -592.389  580.099
80  0  592.389  347.709
81  0  530.032  347.709
82  0  467.675  347.709
83  0  405.319  347.709
84  0  342.962  347.709
85  0  280.605  347.709
86  0  218.248  347.709
87  0  155.892  347.709
88  0  93.5351  347.709
89  0  31.1784  347.709
90  0  -31.1784  347.709
91  0  -93.5351  347.709
92  0  -155.892  347.709
93  0  -218.248  347.709
94  0  -280.605  347.709
95  0  -342.962  347.709
96  0  -405.319  347.709
97  0  -467.675  347.709
98  0  -530.032  347.709
99  0  -592.389  347.709
100  0  592.389  115.319
101  0  530.032  115.319
102  0  467.675  115.319
103  0  405.319  115.319
104  0  342.962  115.319
105  0  280.605  115.319
106  0  218.248  115.319
107  0  155.892  115.319
108  0  93.5351  115.319
109  0  31.1784  115.319
110  0  -31.1784  115.319
111  0  -93.5351  115.319
112  0  -155.892  115.319
113  0  -218.248  115.319
114  0  -280.605  115.319
115  0  -342.962  115.319
116  0  -405.319  115.319
117  0  -467.675  115.319
118  0  -530.032  115.319
119  0  -592.389  115.319
